Date,Mileage,Diff
01-OCT-2025,119920,439
01-SEP-2025,119481,697
01-AUG-2025,118784,961
01-JUL-2025,117823,371
01-JUN-2025,117452,183
01-MAY-2025,117269,289
01-APR-2025,116980,319
01-MAR-2025,116661,401
01-FEB-2025,116260,263
01-JAN-2025,115997,812
01-DEC-2024,115185,395
01-NOV-2024,114790,0
